PositionA=10.141985
PositionZ=3.773437
PositionY=-1941.267944
PositionX=164.271255

