PositionA=80.956024
PositionZ=13.572397
PositionY=-2287.956298
PositionX=1501.728393

